0.0 0.0 0.0 0.0 0.0 1.0 1.0 1.0 1.0 1.0 1.0 1.0 1.0 1.0 1.0 1.0 0.963545688856 0.898091737989 0.833601402901 0.769435857732 0.705541638249
0.0 0.0 0.0 0.0 0.0 1.0 1.0 1.0 1.0 1.0 1.0 1.0 1.0 1.0 1.0 1.0 0.961815671233 0.897555764334 0.83372168235 0.770092524293 0.706577571049
0.0 0.0 0.0 0.0 0.0 1.0 1.0 1.0 1.0 1.0 1.0 1.0 1.0 1.0 1.0 1.0 0.962636570487 0.899283633147 0.835987301791 0.772730838028 0.709488031477
0.0 0.0 0.0 0.0 0.0 1.0 1.0 1.0 1.0 1.0 1.0 1.0 1.0 1.0 1.0 1.0 0.963086079334 0.899934013168 0.836761100574 0.773582572388 0.710397956884
0.0 0.0 0.0 0.0 0.0 1.0 1.0 1.0 1.0 1.0 1.0 1.0 1.0 1.0 1.0 1.0 0.970981990018 0.907781461434 0.844581396946 0.781381457657 0.718181653792
0.0 0.0 0.0 0.0 0.0 1.0 1.0 1.0 1.0 1.0 1.0 1.0 1.0 1.0 1.0 1.0 0.986471755463 0.923272304912 0.860072844251 0.796873381039 0.733673914857
0.0 0.0 0.0 0.0 0.0 1.0 1.0 1.0 1.0 1.0 1.0 1.0 1.0 1.0 1.0 1.0 1.0 0.938950186081 0.875750712449 0.812551238866 0.749351765349
0.0 0.0 0.0 0.0 0.0 0.96373668414 1.0 1.0 1.0 1.0 1.0 1.0 1.0 1.0 1.0 1.0 1.0 0.954623545357 0.891424072 0.828224598642 0.765025125283
0.0 0.0 0.0 0.0 0.0 0.0 0.978146382171 1.0 1.0 1.0 1.0 1.0 1.0 1.0 1.0 1.0 1.0 0.968865492109 0.905666018747 0.842466545384 0.779267072022
0.0 0.0 0.0 0.0 0.0 0.0 0.0 0.991651877411 1.0 1.0 1.0 1.0 1.0 1.0 1.0 1.0 1.0 0.983887722913 0.92068824955 0.857488776188 0.794289302825
0.0 0.0 0.0 0.0 0.0 0.0 0.0 0.773855491057 1.0 1.0 1.0 1.0 1.0 1.0 1.0 1.0 1.0 0.998952903871 0.935753430509 0.872553957146 0.809354483784
0.0 0.0 0.0 0.0 0.0 0.0 0.0 0.0 0.787760522873 1.0 1.0 1.0 1.0 1.0 1.0 1.0 1.0 1.0 0.95082026354 0.887620790178 0.824421316815
0.0 0.0 0.0 0.0 0.0 0.0 0.0 0.0 0.0 0.801652971498 1.0 1.0 1.0 1.0 1.0 1.0 1.0 0.977634728282 0.914725749213 0.851526275851 0.788326802488
0.0 0.0 0.0 0.0 0.0 0.0 0.0 0.0 0.0 0.0 0.81552690412 1.0 1.0 1.0 1.0 1.0 1.0 0.863996466642 0.771935698212 0.708736224849 0.645536751487
0.0 0.0 0.0 0.0 0.0 0.0 0.0 0.0 0.0 0.0 0.0 0.0 0.0 0.258462058861 1.0 1.0 0.950187115789 0.804572831969 0.660254079606 0.565112565238 0.501913091876
0.0 0.0 0.0 0.0 0.0 0.0 0.0 0.0 0.0 0.0 0.0 0.0 0.0 0.0 0.306326476336 0.602411550268 0.732470283568 0.608644704951 0.60134970745 0.456600431165 0.35830409698
0.0 0.0 0.0 0.0 0.0 0.0 0.0 0.0 0.0 0.0 0.0 0.0 0.0 0.0 0.131355461234 0.394565635205 0.604678886246 0.478016529857 0.354182281682 0.230331192221 0.106494212068
0.0 0.0 0.0 0.0 0.0 0.0 0.0 0.0 0.0 0.0 0.0 0.0 0.0 0.0 0.000506689310463 0.263687882399 0.518826534916 0.40294164645 0.268901431772 0.13475170949 0.0
0.0 0.0 0.0 0.0 0.0 0.0 0.0 0.0 0.0 0.0 0.0 0.0 0.0 0.0 0.0 0.13301060494 0.396603641236 0.333349286697 0.200199759733 0.0671123199301 0.0
0.0 0.0 0.0 0.0 0.0 0.0 0.0 0.0 0.0 0.0 0.0 0.0 0.0 0.0 0.0 0.00238933146067 0.266969311011 0.263396314528 0.130262314215 0.0 0.0
0.0 0.0 0.0 0.0 0.0 0.0 0.0 0.0 0.0 0.0 0.0 0.0 0.0 0.0 0.0 0.0 0.136303703703 0.193462828831 0.0603295301108 0.0 0.0
