0.0 0.0 0.0 0.0 0.0 0.0 0.0 0.0 0.0 0.0 0.0 0.0 0.0 0.0 0.0 0.0 0.0 0.0 0.0 0.0 0.0
0.0 0.0 0.0 0.0 0.0 0.0 0.0 0.0 0.0 0.0 0.0 0.0 0.0 0.0 0.0 0.0 0.0 0.0 0.0 0.0 0.0
0.0 0.0 0.0 0.0 0.0 0.0 0.0 0.0 0.0 0.0 0.0 0.0 0.0 0.0 0.0 0.0 0.0 0.0 0.0 0.0 0.0
0.0 0.0 0.0 0.0 0.0 0.0 0.0 0.0 0.0 0.0 0.0 0.0 0.0 0.0 0.0 0.0 0.0 0.0 0.0 0.0 0.0
0.0 0.0 0.0 0.0 0.0 0.0 0.0 0.0 0.0 0.0 0.0 0.0 0.0 0.0 0.0 0.0 0.0 0.0 0.0 0.0 0.0
1.0 1.0 1.0 1.0 0.0313000344334 0.0 0.0 0.0 0.0 0.0 0.0 0.0 0.0 0.0 0.0 0.0 0.0 0.0 0.0 0.0 0.0
1.0 1.0 1.0 1.0 1.0 0.0 0.0 0.0 0.0 0.0 0.0 0.0 0.0 0.0 0.0 0.0 0.0 0.0 0.0 0.0 0.0
1.0 1.0 1.0 1.0 1.0 0.0 0.0 0.0 0.0 0.0 0.0 0.0 0.0 0.0 0.0 0.0 0.0 0.0 0.0 0.0 0.0
1.0 1.0 1.0 1.0 1.0 1.0 0.0 0.0 0.0 0.0 0.0 0.0 0.0 0.0 0.0 0.0 0.0 0.0 0.0 0.0 0.0
1.0 1.0 1.0 1.0 1.0 1.0 1.0 0.0 0.0 0.0 0.0 0.0 0.0 0.0 0.0 0.0 0.0 0.0 0.0 0.0 0.0
1.0 1.0 1.0 1.0 1.0 1.0 1.0 0.0 0.0 0.0 0.0 0.0 0.0 0.0 0.0 0.0 0.0 0.0 0.0 0.0 0.0
1.0 1.0 1.0 1.0 1.0 1.0 1.0 1.0 0.0 0.0 0.0 0.0 0.0 0.0 0.0 0.0 0.0 0.0 0.0 0.0 0.0
1.0 1.0 1.0 1.0 1.0 1.0 1.0 1.0 1.0 0.0 0.0 0.0 0.0 0.0 0.0 0.0 0.0 0.0 0.0 0.0 0.0
1.0 1.0 1.0 1.0 1.0 1.0 1.0 1.0 1.0 1.0 0.0 0.0 0.0 0.0 0.0 0.0 0.0 0.0 0.0 0.0 0.0
1.0 1.0 1.0 1.0 1.0 1.0 1.0 1.0 1.0 1.0 1.0 1.0 1.0 0.776946679219 0.0 0.0 0.0 0.0 0.0 0.0 0.0
1.0 1.0 1.0 1.0 1.0 1.0 1.0 1.0 1.0 1.0 1.0 1.0 1.0 1.0 0.82477672596 0.576464803898 0.37525977347 0.244601809625 0.0 0.0 0.0
1.0 1.0 1.0 1.0 1.0 1.0 1.0 1.0 1.0 1.0 1.0 1.0 1.0 1.0 0.858103788819 0.727218807293 0.609311188128 0.507776755259 0.377154228423 0.246578199284 0.115950192236
0.898426118641 0.898426118641 0.898426118641 0.898426123597 0.910820414041 0.926843926293 0.942975213519 1.0 1.0 1.0 1.0 1.0 1.0 0.859672394608 0.734217013731 0.60360136302 0.473644219735 0.402151213667 0.332616053177 0.263116425975 0.194160523823
0.836673949052 0.836673949052 0.836673949052 0.836673949147 0.848807090922 0.864478684358 0.88014915342 0.894327370371 0.909973137211 0.925353922508 0.940883465413 1.0 0.918040656343 0.775075306933 0.660225992812 0.479758370842 0.348090192089 0.268751928659 0.198781075371 0.128848909638 0.0588718175549
0.773470938684 0.773470938684 0.773470938684 0.773470938666 0.785604729011 0.80127753308 0.816950174381 0.832629511641 0.847999789718 0.863066299989 0.878127232597 0.891630451285 0.855369558399 0.711711964765 0.56819439629 0.355918067098 0.224092263496 0.135619726697 0.0656853191418 0.0 0.0
0.71026844223 0.71026844223 0.71026844223 0.710268442231 0.722402782997 0.738076308011 0.753749848154 0.769426272304 0.784795734814 0.799861781103 0.814927914863 0.83000414962 0.792169620412 0.648562651664 0.504906883568 0.232076311987 0.100391087879 0.00248614115313 0.0 0.0 0.0
